+----+----+----+----+----+----+----+----+----+
| 39 | 53 | 98 | 91 | 13 | 25 | 28 | 76 | 59 |
| 43 | 10 | 92 | 69 | 33 | 81 | 50 | 14 | 67 |
| 87 | 95 | 79 | 21 | 43 | 70 | 56 | 50 | 44 |
| 59 | 38 | 27 | 93 | 72 | 89 | 25 | 83 | 65 |
| 48 | 32 | 36 | 69 | 48 | 22 | 86 | 75 | 60 |
| 83 | 11 | 84 |    | 31 | 23 | 34 | 82 | 31 |
| 78 | 47 | 56 | 39 | 10 | 66 | 58 | 43 | 34 |
| 31 | 65 | 53 | 23 | 93 | 10 | 32 | 54 | 49 |
| 79 | 22 | 49 | 21 | 99 | 56 | 34 | 19 | 96 |
+----+----+----+----+----+----+----+----+----+
+----+----+----+----+----+----+----+----+----+
| OK | OK | OK | NO | OK | OK | OK | OK | OK |
+----+----+----+----+----+----+----+----+----+